Run semi-empirical minimization
 &qmmm
    qm_theory='AM1', grms_tol=0.0005,
 scfconv=1.d-10, ndiis_attempts=700,   qmcharge=-2,
 /
   6   CAA       -0.3330      -15.9610        2.0210 
   6   CAB        6.4310       -8.9940        3.8170 
   6   CAC        6.6130      -13.8530       10.0790 
   6   CAD        0.5690      -18.1150        7.0600 
   7    NA        2.2770      -13.9900        3.8970 
   6   CBA       -1.8260      -15.7740        2.1530 
   6   CBB        7.4380       -8.5240        2.8420 
   6   CBC        7.8880      -14.4770       10.2340 
   6   CBD        1.2140      -19.3870        6.6040 
   7    NB        4.3060      -11.9950        4.3830 
   6   CGA       -2.5700      -16.9070        1.4610 
   6   CGD        0.2040      -20.5060        6.5660 
   7    ND        2.8540      -15.2060        6.4610 
   6   CHA        1.1490      -15.9720        4.8410 
   6   CHB        2.9110      -12.1620        2.3730 
   6   CHC        5.9970      -11.2410        5.9830 
   6   CHD        4.3150      -15.0530        8.4370 
   6   CMA        0.7740      -13.4120        0.4740 
   6   CMB        4.4770       -9.5670        1.4820 
   6   CMC        7.7890      -11.4070        8.5730 
   6   CMD        2.6720      -17.5440        9.4040 
   6   C1A        1.3640      -15.0270        3.8280 
   6   C1B        3.8920      -11.5540        3.1470 
   6   C1C        5.8330      -12.1990        6.9590 
   6   C1D        3.2840      -15.6300        7.6940 
   8   O1A       -2.7630      -16.8080        0.2330 
   8   O1D       -0.4230      -20.7040        5.5010 
   6   C2A        0.6740      -14.9830        2.5660 
   6   C2B        4.6240      -10.3750        2.7660 
   6   C2C        6.6320      -12.3050        8.1570 
   6   C2D        2.5090      -16.7770        8.1010 
   8   O2A       -2.9470      -17.8940        2.1380 
   8   O2D        0.0430      -21.1770        7.6120 
   6   C3A        1.1580      -13.9190        1.8740 
   6   C3B        5.5000      -10.1020        3.7930 
   6   C3C        6.1550      -13.3800        8.8610 
   6   C3D        1.6090      -17.0350        7.1060 
   6   C4A        2.1670      -13.2940        2.7100 
   6   C4B        5.2920      -11.1340        4.7940 
   6   C4C        5.0780      -13.9390        8.0830 
   6   C4D        1.8340      -16.0470        6.0650 
   7    NC        4.9100      -13.2110        6.9300 
   1   H01       -0.1080      -16.9170        2.4940 
   1   H02        5.6960       -8.2140        3.6190 
   1   H03        7.0130       -9.1680        4.7220 
   1   H04        6.7510      -12.9270       10.6380 
   1   H05        5.8760      -14.5820       10.4160 
   1   H06        0.1360      -18.2540        8.0510 
   1   H07       -0.2210      -17.8340        6.3640 
   1   H08       -2.1050      -14.8310        1.6830 
   1   H09       -2.0940      -15.7610        3.2090 
   1   H10        8.3690       -9.0710        2.9900 
   1   H11        7.0730       -8.6970        1.8300 
   1   H12        7.6160       -7.4590        2.9880 
   1   H13        8.6060      -13.7470       10.6060 
   1   H14       -0.1950      -15.8350        0.9470 
   1   H15        7.8060      -15.3000       10.9440 
   1   H16        8.2250      -14.8600        9.2710 
   1   H17        2.0070      -19.6510        7.3040 
   1   H18        1.6280      -19.2430        5.6060 
   1   H19        0.3770      -16.7200        4.6620 
   1   H20        2.7010      -11.7090        1.4040 
   1   H21        6.7630      -10.4870        6.1650 
   1   H22        4.5490      -15.5210        9.3930 
   1   H23       -0.0660      -12.7220        0.5560 
   1   H24        1.6240      -12.8970        0.0280 
   1   H25        0.4900      -14.2570       -0.1540 
   1   H26        3.8450       -8.6990        1.6700 
   1   H27        5.4590       -9.2350        1.1460 
   1   H28        4.0200      -10.1880        0.7120 
   1   H29        8.6280      -11.5580        7.8930 
   1   H30        7.4730      -10.3650        8.5340 
   1   H31        8.0960      -11.6560        9.5890 
   1   H32        3.3470      -16.9990       10.0640 
   1   H33        1.7010      -17.6510        9.8870 
   1   H34        3.0860      -18.5310        9.1960 

